%declare earth constant global

global a f w GM re rp

a = 6378137;
f = 1/298.257223563;
w = 7.292115e-5;
GM = 3.986004418e14;
re = 9.7803253359;
rp = 9.8321849378;